11/06/2019 250 390 50 589.75 -0.25 339.75
12/06/2019 250 354.75 121 483.75 0 233.75
13/06/2019 250 150 45 345 -10 95
14/06/2019 250 290.25 0 539.25 -1 289.25
15/06/2019 250 156.5 150 256.5 0 6.5
18/06/2019 250 336.75 60 526.75 0 276.75
19/06/2019 250 451.75 95 606.75 0 356.75
20/06/2019 250 379.95 14.2 615.75 0 365.75
21/06/2019 250 255.5 10 495.5 0 245.5
22/06/2019 250 117 0 366 -1 116
24/06/2019 250 551.75 389.5 413.25 1 163.25
25/06/2019 250 266.5 30 506.5 20 256.5
26/06/2019 250 123.25 61 312.25 0 62.25
27/06/2019 250 171 0 421 0 171
28/06/2019 250 307.5 50 506.5 -1 256.5
29/06/2019 250 126.5 0 376.5 0 126.5
1/07/2019 250 274.5 0 524.5 0 274.5
2/07/2019 250 365.25 0 615.25 0 365.25
3/07/2019 250 240.5 40 450.5 0 200.5
4/07/2019 250 559 0 809.5 0.5 559.5
5/07/2019 250 183.25 0 433.75 0.5 183.75
6/07/2019 250 384.75 0 634.75 0 384.75
8/07/2019 250 556.75 17 789.75 0 539.75
10/07/2019 250 391.25 10 631.75 0.5 381.75
11/07/2019 250 212.75 0 461.75 -1 211.75
12/07/2019 250 453.5 0 704.5 1 454.5
13/07/2019 250 309.5 150 408.5 -1 158.5
15/07/2019 250 442 35 659 2 409
16/07/2019 250 367.75 30 587.75 0 337.75
17/07/2019 250 358.75 100 508.75 0 258.75
18/07/2019 250 152 50 352 0 102
19/07/2019 250 115.5 135.5 231.5 1.5 0
20/07/2019 250 158.25 0 408.75 0.5 158.75
22/07/2019 250 369.1 104 516 0.9 266
23/07/2019 250 311.5 50 511.5 0 261.5
24/07/2019 250 400.25 30 620.25 0 370.25
25/07/2019 250 285.25 0 540.25 5 290.25
26/07/2019 250 739.5 80 909.5 0 659.5
29/07/2019 250 594.5 50 789.75 -4.75 539.75
30/07/2019 250 868.5 50 1069.5 1 819.5
31/07/2019 250 1315 933 632 0 382
1/08/2019 250 1093.5 638 710.5 5 460.5
2/08/2019 250 1014.75 259 1010.75 5 760.75
3/08/2019 250 116 130 236 0 0
5/08/2019 250 865 123 989.5 -2.5 739.5
6/08/2019 250 1552.25 1125.5 675.75 -1 425.75
7/08/2019 250 342.2 12.2 580 0 330
8/08/2019 250 345 124 473 2 223
9/08/2019 250 575.75 0 825.75 0 575.75
10/08/2019 250 226.25 0 476.25 0 226.25
12/08/2019 250 418 37 631 0 381
13/08/2019 250 530.25 222 558.25 0 308.25
14/08/2019 250 415.5 125 490.5 -50 240.5
15/08/2019 250 847.25 70 1027.25 0 777.25
16/08/2019 250 375.25 103 522.75 0.5 272.75
19/08/2019 250 537 250 534.75 -2.25 284.75
20/08/2019 250 186 0 435.75 -0.25 185.75
21/08/2019 250 242.25 171 321.25 0 71.25
22/08/2019 250 457.5 40 667.75 0.25 417.75
23/08/2019 250 264.75 0 514.75 0 264.75
24/08/2019 250 61.5 0 261 -50.5 11
26/08/2019 250 753.25 445 558.25 0 308.25
27/08/2019 250 150.5 0 400.5 0 150.5
28/08/2019 250 510.75 120 643.75 3 393.75
28/08/2019 250 522.5 35 738.5 1 488.5
30/08/2019 250 554.75 142.5 662 -0.25 412
31/08/2019 250 119.75 0 370 0.25 120
2/09/2019 250 663 0 913 0 663
3/09/2019 250 275 0 524 -1 274
4/09/2019 250 319.25 0 569.25 0 319.25
5/09/2019 250 378.5 0 628.5 0 378.5
6/09/2019 250 217 0 478.25 11.25 228.25
7/09/2019 250 128 0 378 0 128
9/09/2019 250 941.5 635 556.5 0 306.5
10/09/2019 250 209.25 0 459.25 0 209.25
11/09/2019 250 298.75 143 407.25 1.5 157.25
12/09/2019 250 465.75 0 719.25 3.5 469.25
13/09/2019 250 340.75 0 585.25 -5.5 335.25
13/09/2019 250 340.75 0 585.25 -5.5 335.25
14/09/2019 250 70 0 320 0 70
16/09/2019 250 217.5 0 467.5 0 217.5
17/09/2019 250 231.25 0 481.25 0 231.25
18/09/2019 250 1072.5 513 809.5 0 559.5
19/09/2019 250 250 0 500 0 250
20/09/2019 250 334.5 100 486 1.5 236
21/09/2019 250 236 101 385 0 135
23/09/2019 250 482.5 0 733.5 1 483.5
24/09/2019 250 193.25 0 444.25 1 194.25
25/09/2019 250 243.5 70 422.5 -1 172.5
26/09/2019 250 563.5 230 583.5 0 333.5
27/09/2019 250 590.5 155.5 685 0 435
28/09/2019 250 301 0 550.75 -0.25 300.75
30/09/2019 250 440.5 65 625.5 0 375.5
1/10/2019 250 203.75 0 453.75 0 203.75
2/10/2019 250 903 343 812 2 562
3/10/2019 250 941.25 40 1152.25 1 902.25
4/10/2019 250 505 0 762 7 512
5/10/2019 250 160.5 98 311.5 -1 61.5
7/10/2019 250 451 0 702 1 452
8/10/2019 250 269 0 517 -2 267
9/10/2019 250 459.5 79.5 630 0 380
10/10/2019 250 346.5 0 596.5 0 346.5
11/10/2019 250 519 13 756 0 506
12/10/2019 250 618 220 647.75 -0.25 397.75
14/10/2019 250 424.75 0 664.5 -10.25 414.5
15/10/2019 250 574.25 0 824.5 0.25 574.5
17/10/2019 250 513.75 0 763.75 0 513.75
18/10/2019 250 315.25 200 365.25 0 115.25
19/10/2019 250 304 0 549 -5 299
21/10/2019 250 948.5 110 1088 -0.5 838
22/10/2019 250 314.75 60 504.75 0 254.75
23/10/2019 250 193.25 70 378.5 5.25 128.5
24/10/2019 250 243.5 55 438.25 -0.25 188.25
25/10/2019 250 639.75 117.7 773.05 1 523.05
26/10/2019 250 285.5 0 535.5 0 285.5
28/10/2019 250 2022 40 2231 -1 1981
29/10/2019 250 1242.75 70 1428.25 5.5 1178.25
30/10/2019 250 1023.75 0 1263.5 -10.25 1013.5
31/10/2019 250 1570 515 1307 2 1057
1/11/2019 250 493.5 0 745 1.5 495
4/11/2019 250 1188.25 295 1143.25 0 893.25
5/11/2019 250 217.25 0 467.25 0 217.25
6/11/2019 250 574 0 824 0 574
7/11/2019 250 407.25 0 656.25 -1 406.25
8/11/2019 250 173.25 43 380.25 0 130.25
9/11/2019 250 83.5 0 333.5 0 83.5
11/11/2019 250 1726 0 1980 4 1730
12/11/2019 250 486 0 737 1 487
13/11/2019 250 280 0 530 0 280
14/11/2019 250 459.25 0 709.25 0 459.25
15/11/2019 250 283.25 0 534.75 1.5 284.75
16/11/2019 250 197.5 70 377.25 -0.25 127.25
18/11/2019 250 352.5 0 609 6.5 359
19/11/2019 250 81.5 0 331.5 0 81.5
20/11/2019 250 175.5 0 432 6.5 182
21/11/2019 250 177.75 0 427.75 0 177.75
22/11/2019 250 219 80.75 389.25 1 139.25
25/11/2019 250 479.25 0 729.25 0 479.25
26/11/2019 250 601 50 800.25 -0.75 550.25
27/11/2019 250 222.75 0 471.75 -1 221.75
28/11/2019 250 284.5 0 534.5 0 284.5
29/11/2019 250 389.5 0 639.25 -0.25 389.25
